1А
еее еее 2000 0 15 5 15 1
еее еее 2000 0 12 0 62 6
еее еее 2000 0 84 8 46 5
еее еее 2000 0 1 1 4 84
еее2 еее 2000 0 4 8 48 4
еее еее 2000 0 11 0 0 4
еее еее 2000 0 4 4 84 4
еее еее 2000 0 14 4 8 4
еее еее 2000 0 54 0 12 3
еее еее 2000 0 4 51 4 1
еее еее 2000 0 8 4 0 79
еее еее 2000 0 5 45 0 12
еее еее 2000 0 1 6 4 4
еее еее 2000 0 8 45 0 61
еее еее 2000 0 0 4 5 6
еее2 еее 2000 0 4 0 54 56
еее еее 2000 0 4 5 4 56
еее еее 2000 0 5 6 4 0
еее еее 2000 0 45 6 5 0
еее еее 2000 0 0 4 5 64
еее еее 2000 0 4 6 0 4
еее еее 2000 0 46 6 4 5
еее еее 2000 0 45 66 0 45
еее еее 2000 0 6 4 5 6
еее еее 2000 0 46 64 8 0
еее еее 2000 0 45 4 0 6
еее еее 2000 0 5 4 6 5
еее еее 2000 0 6 5 4 4
еее еее 2000 0 46 0 4 6
